0 0 456 5
0 0 553 5
-12.9 1.1 633.3 5
-245.2 4.7 694.6 5
-316.7 15.4 682 5
-397.8 57.2 654.2 5
-469.7 152.1 618.8 5
-472.6 274.9 512 5
-468.6 308.7 433.5 5
-578.6 209.2 60.5 5
-551.7 157.2 -49.9 5
-531.7 100 -103.1 5
-522.8 64.8 -124.3 5
-588.6 -70.7 -233.4 5
-780.4 -61.5 -74.4 5
-760 -58.7 -70.2 5
-545 -54.6 -97.5 5
-461.2 -20.3 -135.9 5
-320.3 177.9 -203.8 5
-303.3 207.3 -212 5
-296.5 219.1 -215.3 5
-58.6 427.8 -330 5
76.1 387.8 -373.8 5
131.5 348.4 -365.3 5
259 169.7 -263.5 5
303.3 139.6 -210 5
294.2 106.5 -7.6 5
227.5 78.6 -10.5 5
82.7 19.6 -125.8 5
49 8 -152.7 5
2 0.3 -152.4 5
-36.8 -0.2 -113.6 5