1.9 0 3.4
2.9 0 5.2
3.9 0 6.9
4.9 0 8.6
5.9 0 10.4
6.9 0 12.1
7.9 0 13.8
8.9 0 15.6
9.9 0 17.3
10.9 0 19
11.8 0 20.8
12.7 0 22.6
13.5 0 24.4
14.2 0 26.3
14.8 0 28.2
15.5 0 30.1
16.1 0 32
16.8 0 33.9
17.4 0 35.8
18.1 0 37.7
18.8 0 39.5
19.4 0 41.4
20.1 0 43.3
20.7 0 45.2
21.4 0 47.1
21.9 0 49
22.4 0 51
22.7 0 52.9
22.9 0 54.9
23.1 0 56.9
23.2 0 58.9
23.3 0 60.9
23.4 0 62.9
23.6 0 64.9
23.7 0 66.9
23.8 0 68.9
23.8 0 70.9
23.8 0 72.9
23.8 0 74.9
23.9 0 76.9
23.9 0 78.9
23.9 0 80.9
23.8 0 82.9
23.5 0 84.9
23.1 0 86.8
22.5 0 88.7
21.7 0 90.6
20.8 0 92.4
19.9 0 94.1
18.9 0 95.9
18 0 97.7
17 0.2 99.4
15.8 0.6 101
14.5 1 102.4
13.1 1.6 103.8
11.6 2.1 104.9
10 2.5 106
8.3 2.7 107.1
6.6 2.9 108.1
4.9 2.9 109.1
3.1 2.9 110.1
1.3 2.9 111
-0.4 2.9 111.7
-2.4 2.9 112.2
-4.4 2.9 112.5
-6.3 2.9 112.6
-8.3 2.9 112.6
-10.3 3 112.5
-12.3 3.1 112.4
-14.3 3.4 112.1
-16.2 3.8 111.6
-18 4.3 110.9
-19.8 4.7 110.1
-21.6 5 109.3
-23.3 5.3 108.4
-25.1 5.3 107.5
-26.9 5.3 106.6
-28.7 5.4 105.7
-30.4 5.5 104.7
-32 5.8 103.5
-33.6 6.2 102.3
-34.9 6.7 100.9
-36.1 7.3 99.4
-37.1 8 97.9
-38 8.7 96.2
-38.8 9.3 94.4
-39.6 9.7 92.7
-40.4 10 90.9
-41.1 10.3 89
-41.9 10.7 87.2
-42.5 11.2 85.4
-42.9 11.8 83.5
-43.1 12.6 81.7
-43.2 13.4 79.9
-43.1 14.2 78
-42.9 14.9 76.2
-42.6 15.4 74.3
-42.4 15.9 72.3
-42.1 16.3 70.4
-41.8 16.8 68.5
-41.4 17.4 66.6
-40.8 18.1 64.9
-40 19 63.2
-39.2 19.9 61.7
-38.2 20.8 60.2
-37 21.6 58.7
-35.9 22.3 57.3
-34.7 22.8 55.8
-33.4 23.3 54.3
-32.2 23.8 52.8
-31 24.4 51.3
-29.9 25.1 49.8
-28.7 26 48.4
-27.6 26.9 47
-26.5 27.8 45.6
-25.3 28.6 44.2
-24.2 29.3 42.8
-23 29.9 41.3
-21.7 30.3 39.7
-20.5 30.6 38.2
-19.3 30.8 36.7
-18 30.9 35.1
-16.7 30.9 33.6
-15.4 30.9 32.1
-13.9 30.9 30.7
-12.4 30.9 29.4
-10.8 30.9 28.3
-9.1 30.9 27.1
-7.5 30.9 25.9
-5.9 30.9 24.8
-4.3 30.9 23.6
-2.6 30.9 22.4
-1 30.9 21.3
0.5 30.9 20.1
2.1 30.9 18.9
3.8 30.9 17.8
5.4 30.9 16.6
7 30.9 15.4
8.6 30.9 14.3
10.3 30.9 13.1
11.9 30.9 11.9
13.5 30.9 10.8
15.1 30.9 9.6
16.8 30.9 8.4
18.4 30.9 7.3
20 30.9 6.1
21.6 30.9 4.9
23.3 30.9 3.8
24.9 30.9 2.6
26.5 30.9 1.4
28.1 30.9 0.3
29.8 30.9 -0.8
31.4 30.9 -2
33 30.9 -3.1
34.6 30.9 -4.3
36.3 30.8 -5.5
37.9 30.6 -6.6
39.5 30.3 -7.8
41.1 29.8 -8.9
42.6 29.3 -10
44.1 28.6 -11.2
45.5 27.8 -12.4
46.8 27.1 -13.7
48 26.4 -15.2
49.1 25.9 -16.8
50.1 25.6 -18.5
51.1 25.3 -20.2
52.2 25.1 -21.9
53.2 25.1 -23.6
54.3 25.1 -25.3
55.3 25.1 -27
56.4 25.1 -28.7
57.4 25.1 -30.4
58.5 25 -32.1
59.5 24.8 -33.8
60.6 24.5 -35.4
61.5 24 -37.1
62.4 23.5 -38.8
63.1 22.8 -40.6
63.6 22 -42.4
63.9 21.3 -44.2
64.1 20.7 -46.1
64.2 20.1 -48
64.3 19.8 -50
64.4 19.5 -52
64.6 19.3 -53.9
64.7 19.3 -55.9
64.8 19.3 -57.9
64.9 19.3 -59.9
65 19.2 -61.9
65.1 19 -63.9
65.3 18.7 -65.9
65.4 18.2 -67.8
65.4 17.7 -69.8
65.3 17 -71.6
65.1 16.2 -73.5
64.7 15.5 -75.3
64.1 14.9 -77.1
63.4 14.4 -78.9
62.7 14 -80.7
61.9 13.7 -82.5
61.2 13.5 -84.4
60.4 13.5 -86.2
59.7 13.5 -88.1
58.9 13.5 -89.9
58 13.5 -91.7
57 13.5 -93.5
55.9 13.5 -95.1
54.6 13.5 -96.6
53.1 13.5 -98
51.6 13.5 -99.2
50 13.5 -100.4
48.4 13.4 -101.6
46.8 13.2 -102.8
45.2 12.9 -104
43.6 12.4 -105.1
42 11.9 -106.3
40.5 11.4 -107.4
38.9 11 -108.6
37.3 10.7 -109.7
35.7 10.6 -110.9
34.1 10.5 -112.1
32.5 10.5 -113.3
30.8 10.5 -114.4
29.1 10.5 -115.5
27.4 10.5 -116.5
25.5 10.5 -117.2
23.6 10.5 -117.8
21.7 10.5 -118.2
19.7 10.2 -118.4
17.7 9.9 -118.4
15.8 9.5 -118.2
13.8 9.1 -118
11.9 8.8 -117.6
9.9 8.7 -117.3
7.9 8.6 -117
6 8.6 -116.7
4 8.6 -116.3
2 8.5 -116
0.1 8.3 -115.7
-1.8 8 -115.4
-3.7 7.6 -115
-5.5 7 -114.5
-7.4 6.5 -113.9
-9.2 6.1 -113.2
-11.1 5.8 -112.6
-13 5.7 -111.9
-14.8 5.7 -111.2
-16.7 5.7 -110.5
-18.6 5.7 -109.8
-20.5 5.7 -109.1
-22.3 5.7 -108.4
-24.2 5.7 -107.6
-25.9 5.7 -106.7
-27.6 5.7 -105.6
-29.2 5.7 -104.3
-30.6 5.7 -102.9
-31.9 5.7 -101.4
-33 5.7 -99.7
-33.9 5.6 -97.9
-34.7 5.4 -96.1
-35.3 5 -94.2
-35.6 4.6 -92.3
-35.9 4 -90.4
-36.1 3.4 -88.5
-36.2 2.9 -86.6
-36.4 2.5 -84.6
-36.5 2.2 -82.7
-36.7 2.1 -80.7
-36.9 2.1 -78.7
-37 2.1 -76.7
-37.2 2 -74.7
-37.4 1.8 -72.7
-37.5 1.4 -70.7
-37.4 1 -68.8
-37.2 0.5 -66.9
-36.9 0.1 -64.9
-36.3 -0.1 -63
-35.5 -0.2 -61.2
-34.7 -0.3 -59.4
-33.8 -0.3 -57.6
-32.9 -0.3 -55.8
-32 -0.3 -54
-31.1 -0.3 -52.2
-30.2 -0.3 -50.4
-29.3 -0.3 -48.7
-28.4 -0.3 -46.9
-27.5 -0.3 -45.1
-26.6 -0.3 -43.3
-25.7 -0.3 -41.5
-24.9 -0.3 -39.7
-24 -0.3 -37.9
-23.1 -0.3 -36.1
-22.2 -0.3 -34.3
-21.3 -0.3 -32.5
-20.4 -0.3 -30.8
-19.5 -0.3 -29
-18.5 -0.3 -27.2
-17.3 -0.3 -25.6
-16.1 -0.3 -24
-14.8 -0.3 -22.5
-13.4 -0.3 -21
-12.1 -0.3 -19.5
-10.8 -0.3 -18.1
-9.4 -0.3 -16.6
-8.1 -0.2 -15.1
-6.8 -0.1 -13.6
-5.4 0.1 -12.1
-4.1 0.5 -10.7
-3.1 0.7 -9
-2.4 0.7 -7.1
-1.8 0.7 -5.2
-1.3 0.7 -4.1
-0.8 0.7 -2.5
-0.2 0.7 -0.9
0.3 0.7 0.6