0 0 8
0 0 16
0 0 24
0 0 32
0 0 40
0 0 48
0 0 56
0 0 64
0 0 72
0 0 80
0 0 88
0 0 96
0 0 104
0 0 112
0 0 120
0 0 128
0 0 136
0 0 144
0 0 152
0 0 160
0 0 168
0 0 176
0 0 184
0 0 192
0 0 200
0 0 208
0 0 216
0 0 224
0 0 232
0 0 240
0 0 248
0 0 256
0 0 264
0 0 272
0 0 280
0 0 288
0 0 296
0 0 304
0 0 312
0 0 320
0 0 328
0 0 336
0 0 344
0 0 352
0 0 360
0 0 368
0 0 376
0 0 384
0 0 392
0 0 400
0 0 408
0 0 416
0 0 424
0 0 432
0 0 440
0 0 448
0 0 456
0 0 464
0 0 472
0 0 480
0 0 488
0 0 496
0 0 504
0 0 512
0 0 520
0 0 528
0 0 536
0 0 544
0 0 552
0 0 560
0 0 568
0 0 576
0 0 584
0 0 592
0 0 600
0 0 608
0 0 616
0 0 624
0 0 632
0 0 640
0 0 648
0 0 656
0 0 664
0 0 672
0 0 680
0 0 688
0 0 696
0 0 704
0 0 712
0 0 720
0 0 728
0 0 736
0 0 744
0 0 752
0 0 760
0 0 768
0 0 776
0 0 784
0 0 792
0 0 800
0 0 808
0 0 816
0 0 824
0 0 832
0 0 840
0 0 848
0 0 856
0 0 864
0 0 872
0 0 880
0 0 888
0 0 896
0 0 904
0 0 912
0 0 920
0 0 928
0 0 936
0 0 944
0 0 952
0 0 960
0 0 968
0 0 976
0 0 984
0 0 992
0 0 1000
0 0 1008
0 0 1016
0 0 1024
0 0 1032
0 0 1040
0 0 1048
0 0 1056
0 0 1064
0 0 1072
0 0 1080
0 0 1088
0 0 1096
0 0 1104
0 0 1111.9
-5 0 1115.7
-12.9 0 1116.8
-20.8 0 1117.9
-28.8 0 1119
-36.7 0 1120.1
-44.6 0 1121.3
-52.5 0 1122.4
-60.5 0 1123.5
-68.4 0 1124.6
-76.3 0 1125.8
-84.2 0 1126.9
-92.1 0 1128
-100.1 0 1129.1
-108 0 1130.3
-115.9 0 1131.4
-123.8 0 1132.5
-131.7 0 1133.6
-139.7 0 1134.7
-147.6 0 1135.9
-155.5 0 1137
-163.4 0 1138.1
-171.3 0 1139.2
-179.3 0 1140.4
-187.2 0 1141.5
-195.1 0 1142.6
-203 0 1143.7
-210.9 0 1144.9
-218.9 0 1146
-226.8 0 1147.1
-234.7 0 1148.2
-242.6 0 1149.3
-250.6 0 1150.5
-258.5 0 1151.6
-266.4 0 1152.7
-274.3 0 1153.8
-282.2 0 1155
-290.2 0 1156.1
-298.1 0 1157.2
-306 0 1158.3
-313.9 0 1159.5
-321.8 0 1160.6
-329.8 0 1161.7
-337.7 0 1162.8
-345.6 0 1163.9
-353.5 0 1165.1
-361.4 0 1166.2
-369.4 0 1167.3
-377.3 0 1168.4
-385.2 0 1169.6
-393.1 0 1170.7
-401 0 1171.8
-409 0 1172.9
-416.9 0 1174
-424.8 0 1175.2
-432.7 0 1176.3
-440.7 0 1177.4
-448.6 0 1178.5
-456.5 0 1179.7
-464.4 0 1180.8
-472.3 0 1181.9
-480.3 0 1183
-488.2 0 1184.2
-496.1 0 1185.3
-504 0 1186.4
-511.9 0 1187.5
-519.9 0 1188.6
-527.8 0 1189.8
-535.7 0 1190.9
-543.6 0 1192
-551.5 0 1193.1
-559.5 0 1194.3
-567.4 0 1195.4
-575.3 0 1196.5
-583.2 0 1197.6
-591.1 0 1198.8
-599.1 0 1199.9
-607 0 1201
-614.9 0 1202.1
-622.8 0 1203.2
-630.8 0 1204.4
-638.7 0 1205.5
-646.6 0 1206.6
-654.5 0 1207.7
-662.4 0 1208.9
-670.4 0 1210
-678.3 0 1211.1
-686.2 0 1212.2
-694.1 0 1213.4
-702 0 1214.5
-710 0 1215.6
-717.9 0 1216.7
-725.8 0 1217.8
-733.7 0 1219
-741.6 0 1220.1
-749.6 0 1221.2
-757.5 0 1222.3
-765.4 0 1223.5
-773.3 0 1224.6
-781.3 0 1225.7
-784.6 0 1221.1
-785.2 0 1213.2
-785.8 0 1205.2
-786.4 0 1197.2
-787 0 1189.2
-787.6 0 1181.3
-788.1 0 1173.3
-788.7 0 1165.3
-789.3 0 1157.3
-789.9 0 1149.3
-790.5 0 1141.4
-791.1 0 1133.4
-791.7 0 1125.4
-792.3 0 1117.4
-792.9 0 1109.4
-793.5 0 1101.5
-794.1 0 1093.5
-794.7 0 1085.5
-795.3 0 1077.5
-795.8 0 1069.6
-796.4 0 1061.6
-797 0 1053.6
-797.6 0 1045.6
-798.2 0 1037.6
-798.8 0 1029.7
-799.4 0 1021.7
-800 0 1013.7
-800.6 0 1005.7
-801.2 0 997.7
-801.8 0 989.8
-802.4 0 981.8
-803 0 973.8
-803.5 0 965.8
-804.1 0 957.9
-804.7 0 949.9
-805.3 0 941.9
-805.9 0 933.9
-806.5 0 925.9
-807.1 0 918
-807.7 0 910
-808.3 0 902
-808.9 0 894
-809.5 0 886.1
-810.1 0 878.1
-810.7 0 870.1
-811.2 0 862.1
-811.8 0 854.1
-812.4 0 846.2
-813 0 838.2
-813.6 0 830.2
-814.2 0 822.2
-814.8 0 814.3
-815.4 0 806.3
-816 0 798.3
-816.6 0 790.3
-817.2 0 782.3
-817.8 0 774.4
-818.4 0 766.4
-818.9 0 758.4
-819.5 0 750.4
-820.1 0 742.5
-820.7 0 734.5
-821.3 0 726.5
-821.9 0 718.5
-822.5 0 710.5
-823.1 0 702.6
-823.7 0 694.6
-824.3 0 686.6
-824.9 0 678.6
-825.5 0 670.6
-826.1 0 662.7
-826.6 0 654.7
-827.2 0 646.7
-827.8 0 638.7
-828.4 0 630.8
-829 0 622.8
-829.6 0 614.8
-830.2 0 606.8
-830.8 0 598.8
-831.4 0 590.9
-832 0 582.9
-832.6 0 574.9
-833.2 0 566.9
-833.8 0 559
-834.3 0 551
-834.9 0 543
-835.5 0 535
-836.1 0 527
-836.7 0 519.1
-837.3 0 511.1
-837.9 0 503.1
-838.5 0 495.1
-839.1 0 487.2
-839.7 0 479.2
-840.3 0 471.2
-840.9 0 463.2
-841.5 0 455.2
-842 0 447.3
-842.6 0 439.3
-843.2 0 431.3
-843.8 0 423.3
-844.4 0 415.4
-845 0 407.4
-845.6 0 399.4
-846.2 0 391.4
-846.8 0 383.4
-847.4 0 375.5
-848 0 367.5
-848.6 0 359.5
-849.2 0 351.5
-849.7 0 343.5
-850.3 0 335.6
-850.9 0 327.6
-851.5 0 319.6
-852.1 0 311.6
-852.7 0 303.7
-853.3 0 295.7
-853.9 0 287.7
-854.5 0 279.7
-855.1 0 271.7
-855.7 0 263.8
-856.3 0 255.8
-856.8 0 247.8
-857.4 0 239.8
-858 0 231.9
-858.6 0 223.9
-859.2 0 215.9
-859.8 0 207.9
-860.4 0 199.9
-861 0 192
-861.6 0 184
-862.2 0 176
-862.8 0 168
-863.4 0 160.1
-864 0 152.1
-864.5 0 144.1
-865.1 0 136.1
-865.7 0 128.1
-866.3 0 120.2
-866.9 0 112.2
-867.5 0 104.2
-868.1 0 96.2
-868.7 0 88.3
-869.3 0 80.3
-869.9 0 72.3
-870.5 0 64.3
-871.1 0 56.3
-871.7 0 48.4
-872.2 0 40.4
-872.8 0 32.4
-871.3 0 26.4
-863.3 0 26.2
-855.3 0 26
-847.3 0 25.8
-839.3 0 25.7
-831.3 0 25.5
-823.3 0 25.3
-815.3 0 25.1
-807.3 0 24.9
-799.3 0 24.8
-791.3 0 24.6
-783.3 0 24.4
-775.3 0 24.2
-767.3 0 24
-759.3 0 23.9
-751.3 0 23.7
-743.3 0 23.5
-735.3 0 23.3
-727.3 0 23.2
-719.3 0 23
-711.3 0 22.8
-703.3 0 22.6
-695.3 0 22.4
-687.3 0 22.3
-679.3 0 22.1
-671.3 0 21.9
-663.3 0 21.7
-655.3 0 21.5
-647.3 0 21.4
-639.3 0 21.2
-631.3 0 21
-623.3 0 20.8
-615.3 0 20.6
-607.4 0 20.5
-599.4 0 20.3
-591.4 0 20.1
-583.4 0 19.9
-575.4 0 19.8
-567.4 0 19.6
-559.4 0 19.4
-551.4 0 19.2
-543.4 0 19
-535.4 0 18.9
-527.4 0 18.7
-519.4 0 18.5
-511.4 0 18.3
-503.4 0 18.1
-495.4 0 18
-487.4 0 17.8
-479.4 0 17.6
-471.4 0 17.4
-463.4 0 17.2
-455.4 0 17.1
-447.4 0 16.9
-439.4 0 16.7
-431.4 0 16.5
-423.4 0 16.3
-415.4 0 16.2
-407.4 0 16
-399.4 0 15.8
-391.4 0 15.6
-383.4 0 15.5
-375.4 0 15.3
-367.4 0 15.1
-359.4 0 14.9
-351.4 0 14.7
-343.4 0 14.6
-335.4 0 14.4
-327.4 0 14.2
-319.4 0 14
-311.4 0 13.8
-303.4 0 13.7
-295.4 0 13.5
-287.4 0 13.3
-279.4 0 13.1
-271.4 0 12.9
-263.4 0 12.8
-255.4 0 12.6
-247.4 0 12.4
-239.4 0 12.2
-231.4 0 12.1
-223.4 0 11.9
-215.4 0 11.7
-207.4 0 11.5
-199.5 0 11.3
-191.5 0 11.2
-183.5 0 11
-175.5 0 10.8
-167.5 0 10.6
-159.5 0 10.4
-151.5 0 10.3
-143.5 0 10.1
-135.5 0 9.9
-127.5 0 9.7
-119.5 0 9.5
-111.5 0 9.4
-103.5 0 9.2
-95.5 0 9
-87.5 0 8.8
-79.5 0 8.6
-71.5 0 8.5
-63.5 0 8.6
-55.5 0 9
-47.5 0 9.3
-39.5 0 9.4
-31.5 0 9.5
-23.5 0 9.1
-15.5 0 8.7
-7.5 0 8.3